Symbols      AAPL     CHV.F        GM       WMT      GOOG      TSLA
Symbols                                                            
AAPL     1.000000  0.563128  0.080504  0.436797  0.776805  0.703569
CHV.F    0.563128  1.000000  0.638925 -0.097577  0.654937  0.548330
GM       0.080504  0.638925  1.000000 -0.278390  0.268872  0.149863
WMT      0.436797 -0.097577 -0.278390  1.000000  0.379632  0.394500
GOOG     0.776805  0.654937  0.268872  0.379632  1.000000  0.437460
TSLA     0.703569  0.548330  0.149863  0.394500  0.437460  1.000000
